133
66
200
0
435
669
569
201
401
334
335
502
202
67
468
267
703
469
368
470
167
736
704
369
471
1
436
402
134
68
135
437
100
168
472
602
438
136
370
101
268
234
33
770
503
636
603
102
301
670
371
302
336
439
203
604
103
69
303
535
637
169
570
2
204
737
705
571
235
771
304
236
772
205
372
170
572
104
573
473
574
137
3
237
474
575
706
403
171
269
671
172
504
605
638
34
707
773
440
639
373
337
536
738
270
4
70
105
206
739
207
35
305
672
505
374
404
138
173
441
5
708
306
271
673
576
238
208
774
442
375
640
106
674
6
475
606
174
307
36
709
71
443
376
37
338
405
406
7
308
775
272
209
239
710
675
740
175
407
577
176
506
139
72
776
607
107
8
444
537
73
309
210
408
578
377
777
608
240
38
273
476
711
445
9
177
74
378
108
211
507
778
641
339
212
409
712
446
75
274
609
676
538
310
642
140
241
579
275
76
447
379
779
242
213
741
610
10
410
677
39
77
178
448
311
477
109
508
380
713
214
276
780
40
678
381
580
11
382
340
78
215
449
539
243
643
411
179
478
110
781
141
742
581
679
12
383
216
180
41
277
244
79
611
782
312
412
479
181
13
743
680
42
111
217
509
480
714
245
80
450
341
182
540
644
582
612
681
142
744
14
413
384
246
112
510
278
43
451
183
313
682
481
279
81
783
143
541
414
583
218
452
44
385
113
584
511
542
314
114
613
645
15
219
82
784
45
745
280
415
315
247
416
683
585
614
184
482
386
453
144
115
543
512
46
220
342
281
715
785
316
145
387
586
646
221
454
716
615
343
483
185
116
282
83
248
513
786
544
455
417
746
616
717
317
47
388
283
146
787
647
222
16
344
484
249
514
684
117
587
545
418
186
318
284
718
84
345
319
788
147
485
17
515
617
223
48
187
118
648
456
588
389
419
719
457
148
18
546
618
685
320
224
119
285
720
516
458
747
225
250
49
85
226
286
789
19
346
649
420
227
748
390
486
517
589
650
321
547
721
50
149
251
790
188
20
228
421
287
518
86
391
487
322
686
548
619
51
459
722
651
791
120
150
347
620
189
687
87
590
229
519
252
460
21
288
749
549
323
488
591
392
621
121
230
88
52
792
348
422
190
652
550
723
461
324
688
750
22
253
592
751
122
489
53
151
622
191
89
724
325
23
593
462
349
653
490
520
231
689
254
90
393
152
423
725
326
54
623
551
123
594
192
654
91
350
793
491
24
463
232
424
690
289
255
552
752
492
327
394
124
25
464
624
595
726
351
691
521
233
256
193
290
55
153
794
125
553
26
92
395
655
554
93
257
625
465
753
352
596
353
727
803
493
56
425
126
692
194
291
127
27
258
522
328
94
466
57
728
626
754
426
154
804
795
494
656
195
128
467
796
28
396
597
29
292
95
354
259
755
555
58
196
693
729
627
837
495
523
797
397
96
129
30
598
155
59
805
60
329
730
756
694
355
496
398
657
798
838
628
556
197
130
156
599
524
427
731
61
260
330
293
557
356
658
806
399
428
198
157
294
261
357
497
807
31
839
558
331
695
62
659
131
525
757
97
600
559
429
629
158
808
332
732
199
32
840
696
262
400
498
526
560
63
132
358
159
333
295
660
809
601
799
758
430
561
870
733
630
697
64
98
499
160
904
800
841
1004
527
971
810
661
631
1037
263
937
759
431
562
359
698
801
871
734
296
1005
528
161
632
99
264
811
972
65
760
1038
563
905
842
360
699
432
1006
162
938
735
662
1071
297
500
939
265
761
1007
564
872
812
1039
529
906
700
361
1104
663
633
266
1008
433
163
907
1072
802
813
1138
762
1105
701
530
843
973
1009
844
873
565
298
362
634
1040
664
531
814
940
845
1171
1010
1139
501
702
1106
164
363
299
908
566
434
1041
665
1011
1272
1140
1205
846
1107
567
1073
941
763
364
974
1172
635
300
874
815
532
165
568
909
1012
1042
764
1238
875
1305
1273
1206
1141
1108
1173
942
975
1372
847
365
1074
1406
910
666
533
1306
1239
765
943
816
1013
1142
848
166
1174
1043
1274
1075
1339
976
876
1109
1307
1207
1014
366
1175
1143
1373
766
877
667
1240
534
849
1110
944
1275
1076
1044
1340
1144
1407
817
1439
878
1241
945
1208
1308
850
1176
1473
668
1374
911
851
1111
1242
946
1408
367
1440
818
1177
1015
852
1209
1341
1145
977
1375
1045
879
1276
1077
1474
947
1540
912
1441
1243
1409
819
853
1210
1078
1342
1506
1376
1016
1146
880
1046
1309
913
1442
1112
1178
1244
948
1541
854
1147
1079
1343
1277
1507
978
1179
820
767
1047
1542
1377
1410
1211
1113
1443
949
1148
1245
1048
855
1017
914
1475
1080
881
1476
1310
1180
979
1543
1049
950
1114
1508
768
856
1444
1311
1411
915
1018
1212
1149
1477
1509
1344
1378
1181
951
882
821
769
1050
1081
1544
1412
1019
1150
857
1246
1213
980
1312
1379
1478
1182
1573
1510
822
1278
1115
1345
1151
1020
883
1247
1051
1445
1545
1082
952
823
916
1380
1413
1116
1313
858
981
1214
1279
1511
1479
1346
1083
1183
1574
1248
953
1546
824
1152
1280
1215
1381
982
1052
1575
1480
884
1117
1153
1382
1314
825
1184
1281
1547
1084
1414
885
983
1053
1085
1446
1154
859
1315
1512
1576
1415
1021
1282
954
1548
826
1185
1155
1249
1481
1347
1216
1118
1316
984
1022
1447
1416
1054
1086
917
1383
1577
1283
1549
1186
1250
955
1317
886
1217
1348
1448
1119
918
1284
1023
1482
827
985
1384
1513
1449
887
860
1578
1318
1251
1349
956
1087
1024
1483
1218
1514
1055
919
1417
888
1550
1450
1187
986
1285
1350
1385
1088
1484
861
1156
828
889
1120
1515
1579
1252
920
1418
1351
1219
829
1451
1025
1286
957
1188
1089
1580
1516
1352
1056
1386
1419
921
1485
862
1220
1287
1189
890
1319
1253
1057
1190
1157
1517
1121
891
830
1090
1452
1320
1221
922
863
1420
1551
1058
1288
892
1518
1026
1191
1581
1122
831
1321
958
1353
1387
987
864
1254
1289
1192
1123
1027
1582
923
1421
893
832
1322
1453
1486
1519
1059
959
1255
1388
1354
1193
1583
865
1487
1422
988
989
1323
1552
894
960
1222
1158
924
1454
1091
1028
1584
1585
1194
1520
833
1389
961
1488
1124
990
866
1290
895
1455
1553
1159
1521
1489
925
1060
962
1586
1291
1390
1125
1160
1029
1355
1490
1092
1522
926
1061
1456
1195
867
1256
1324
963
1423
1491
1292
991
1062
896
1587
1223
1391
1161
964
1030
1356
1196
1523
868
1293
1554
1457
1524
1588
1224
1424
1257
927
897
1392
1126
1197
1357
834
1063
1325
1093
869
1031
1458
1525
1492
1127
965
1393
992
1555
1064
898
1425
1589
928
1162
1094
1358
1459
1258
1607
1032
835
1493
1294
1326
1225
966
1163
836
1556
1065
1095
899
1426
1198
1327
1359
929
1128
1608
1460
1526
1164
993
1394
1360
1295
1199
1494
1557
1259
900
1066
1096
967
994
1395
1590
1609
1226
1129
1361
1328
1165
1495
1033
930
1640
1461
901
1427
968
1558
1396
1067
1200
1260
1610
1296
1527
1591
1362
1329
1592
1397
1130
969
1201
902
1611
1330
1068
1227
1363
1528
1593
1559
1131
1428
1097
1261
970
931
1398
995
1297
1034
1098
1496
1202
903
1166
1529
1641
1560
1594
1674
932
1530
1228
1462
1429
1399
1262
1069
1298
996
1132
1707
933
1531
1099
1675
1203
1167
1364
1331
1612
1430
1595
1400
1642
1497
1229
1463
1133
1676
1168
1561
1299
1070
1613
1708
1134
1100
1204
1677
997
934
1365
1741
1332
1230
1300
1532
1035
1614
1709
1263
1135
1678
1169
1562
1366
1498
1464
1596
935
1563
1774
1136
998
1533
1643
1333
1431
1101
1742
1301
1264
1036
1564
1775
1367
1679
1710
1170
1644
1597
1534
1465
1615
1401
1808
1302
1432
1102
999
1137
1265
1565
1499
1334
1809
1103
936
1368
1711
1466
1680
1616
1776
1303
1000
1402
1875
1743
1841
1467
1433
1810
1535
1777
1617
1335
1681
1908
1231
1618
1566
1712
1598
1434
1001
1500
1468
1336
1645
1369
1682
1876
1909
1778
1811
1266
1744
1567
1842
1435
1713
1599
1683
1646
1501
1619
1403
1536
1910
1304
1942
1469
1436
1232
1267
1843
1779
1568
1600
1502
1745
1404
1975
1470
1337
1620
1233
1268
1537
1647
1780
1437
1002
1714
1877
1370
1569
1844
1781
1812
1621
1943
1684
1976
1269
1438
1503
1538
1338
1405
1746
1878
1911
1570
1648
1601
1234
1944
1845
1782
2075
1977
1471
1649
1912
1747
2009
1504
1270
1622
1879
1715
1371
1602
1003
1685
1978
1271
1846
2076
1623
2010
1505
1539
1650
1813
2243
1748
1235
1847
1913
1686
1979
2209
2142
1571
1603
1945
2176
2244
1946
2077
1236
1914
1651
1783
1687
1749
2245
2143
2109
1716
2011
1604
2210
1880
2042
1980
1688
2078
1947
1472
1624
1717
1814
1237
2144
1915
2012
1652
1881
1750
2246
1784
2110
2211
1848
1948
1689
2276
1625
1815
2177
2079
1849
1605
1572
2212
2310
2145
2247
1785
2013
1816
2178
1916
1850
2043
2111
2080
1949
2213
2248
1606
1718
1882
1653
1786
2277
2146
1917
2343
1751
1981
2112
1950
2179
1690
2311
1851
2249
2377
1654
1719
1626
2113
1691
2147
2312
1918
2378
1720
1852
2344
2014
2114
2345
1627
1787
2214
1655
1951
1853
1883
1817
2081
2379
1752
1982
2015
2250
2044
2180
1692
1628
1919
1721
2215
2346
1788
1884
2313
2115
1854
2148
1693
2251
2082
2380
1818
2016
1920
2278
2314
1629
1855
2216
1789
1722
2116
2045
2279
2017
2315
1694
2347
2083
1952
1630
2149
2181
1983
1819
1753
2252
1790
1885
1921
1723
2046
2217
1856
2253
2150
2316
2018
2084
2182
1656
1695
2381
2183
1791
1886
1984
1820
1953
2348
2349
2117
1724
1754
2218
1631
1922
2280
2085
2047
1792
1857
1985
2219
2317
2118
2350
1657
2184
1887
1632
2254
2019
2151
2281
2255
1923
1755
1725
1696
1793
2048
2086
1954
1858
2382
1633
1924
2020
1888
1697
1658
2318
2119
1821
1756
2049
2152
2256
2282
1726
1986
2351
1794
1955
2087
1634
2220
1859
2319
1822
2021
2185
1925
1889
1698
1659
1795
2352
2383
1727
1956
1987
1860
1757
2221
2283
2257
2153
1635
2186
2050
1890
1796
1861
1926
2022
2088
1728
2120
2353
1823
2258
2384
1660
2320
2284
1636
1758
1891
1699
2089
1988
1957
1797
2051
2187
2354
1927
2121
1862
1661
2259
1824
1729
2052
1892
1637
2385
2023
1863
1958
2222
2355
2090
2154
2188
2285
1798
1759
1825
1760
1989
1730
1928
1959
2321
2386
2024
1662
2155
2260
2356
1893
1761
1960
2189
2091
1663
1731
1799
1826
2156
2122
2053
1990
2357
1894
2025
2286
2190
1864
2261
1929
1638
1700
2387
1827
1664
1732
1800
2322
2157
1762
2358
1733
2223
2262
2191
1865
2092
1991
2054
2287
1961
2123
2323
1828
2158
2388
1930
2263
1763
2055
2288
1992
2159
2124
2125
1607
1608
1609
1610
1611
1612
1613
1614
1615
1616
1617
1618
1619
1620
1621
1622
1623
1624
1625
1626
1627
1628
1629
1630
1631
1632
1633
1634
1635
1636
1637
1638
